fcp16@orval:~/Área de Trabalho/DataScience/teste$ python3 rforest.py 
Precisão: 0.636025738379761
Erro: 1.0254586147635987
[[10309   281   714   578   154   146   163   199   136]
 [  253  1686   107   140   119   275   180   498    95]
 [ 1291    81  5420  1185   109    79    72    80   114]
 [ 1165   119  1311 10759   139    77    67    49   118]
 [  217   103   111   128   789   175   321   146   374]
 [  148   123    90    63   144   672   223   815    80]
 [  217   133   121   117   267   435   735   118   201]
 [  141   243    68    78   106   712   171   615    63]
 [  165   103   147   143   506   136   374    94   843]]
Precisão na pasta  0 : 0.9976769165438514
Erro na pasta  0 : 0.008967601728573927
[[ 9955     1     0     0     0     0     3     0     0]
 [    0  2754     0     0     0     2     3     3     1]
 [    0     0  6839     0     0     0     1     0     0]
 [    1     0     0 11079     1     0     0     1     1]
 [    0     0     0     0  1896     2     5     1    18]
 [    1     3     0     0     3  1916     0     1     1]
 [    2     1     0     0     5     0  1866     0     0]
 [    2     7     0     0     2     4     1  1753     0]
 [    0     0     0     1    15     0     0     0  1882]]




Precisão na pasta  1 : 0.9962447647357596
Erro na pasta  1 : 0.01409670355290219
[[30011     2     4     1     0     6    11    14     0]
 [    3  8138     0     0     4    11     6    19     2]
 [    0     0 20663     0     1     0     2     0     1]
 [    3     0     0 32995     5     0     0     0     3]
 [    1     3     2     0  5607    16    24     9    77]
 [    1    16     3     0     9  5682     1    12     0]
 [    8     8     0     0    26     2  5529     2     0]
 [    4    18     4     2     4    14     0  5303     0]
 [    0     2     0     3    77     2     2     1  5720]]




Precisão na pasta  2 : 0.9945794719356531
Erro na pasta  2 : 0.020013488871680862
[[50128     9     3     4     0    12    15    19     1]
 [    6 13464     0     1    13    42    10    37     3]
 [    7     0 34541     0     6     5     1     7     1]
 [    4     0     0 54964     4     0     0     2     5]
 [    3    19     2     9  9133    27    65     9   203]
 [   11    25     4     0    32  9400     3    30     0]
 [   24    17     3     0    55     6  9057     0     4]
 [   22    41     5     1    18    33     0  8863     2]
 [    0     5     4     6   169     2     9     0  9530]]
 
 
 Precisão na pasta  3 : 0.9927095860201048
Erro na pasta  3 : 0.0267850451948571
[[70126    12    10     4     4    32    37    22     1]
 [   19 18656     0     3    33    60    20    85     7]
 [    7     0 48360     0    12    10     2    10     9]
 [   11     1     1 77140    18     0     0     3     4]
 [    5    28     2     7 12634    58    99    17   349]
 [   18    64     5     0    56 13107    11    52     2]
 [   34    21     4     0   123    12 12555     0    14]
 [   48    69    13     2    34    56     2 12401     2]
 [    2     7     3    12   356     0    19     0 13209]]




Precisão na pasta  4 : 0.9908270121594129
Erro na pasta  4 : 0.03367222041815502
[[90124    23    12     9     4    45    69    55     6]
 [   27 23752     0     3    39    96    20   138    11]
 [   15     0 62250     1    12    17     5     6    12]
 [    7     8     2 99104    21     0     0     5    18]
 [    9    43    10    21 15914    89   196    41   599]
 [   46    96    11     0    90 16862    25    79     3]
 [   60    35     5     0   172    25 16188     2    35]
 [   42   137    29     2    40    81     2 15894     2]
 [    0    11     6     6   533     0    36     0 16904]]
